200.033476 0 0 0 0 0 0
200.407668 1 58 68 58.000000 68.000000 36.000000
200.433954 2 139 157 69.500000 78.500000 34.500000
200.888537 2 139 157 69.500000 78.500000 34.500000
201.591366 2 139 157 69.500000 78.500000 34.500000
201.680276 3 215 250 71.666667 83.333333 38.000000
201.712164 4 278 332 69.500000 83.000000 34.750000
201.748053 4 278 332 69.500000 83.000000 34.750000
202.368483 5 355 414 71.000000 82.800000 31.800000
202.622319 5 355 414 71.000000 82.800000 31.800000
202.764072 6 391 469 65.166667 78.166667 30.666667
203.300428 7 435 536 62.142857 76.571429 30.571429
204.006445 8 516 625 64.500000 78.125000 30.875000
204.119664 8 516 625 64.500000 78.125000 30.875000
204.612761 8 516 625 64.500000 78.125000 30.875000
204.692034 9 539 669 59.888889 74.333333 30.555556
205.038570 10 623 764 62.300000 76.400000 31.700000
205.109766 10 623 764 62.300000 76.400000 31.700000
205.163892 11 691 840 62.818182 76.363636 30.909091
205.207442 12 771 938 64.250000 78.166667 30.416667
205.274841 13 837 1012 64.384615 77.846154 30.230769
205.377019 13 837 1012 64.384615 77.846154 30.230769
205.427919 13 837 1012 64.384615 77.846154 30.230769
205.460435 13 837 1012 64.384615 77.846154 30.230769
205.461230 13 837 1012 64.384615 77.846154 30.230769
205.501308 13 837 1012 64.384615 77.846154 30.230769
205.517775 13 837 1012 64.384615 77.846154 30.230769
205.553440 14 912 1111 65.142857 79.357143 30.214286
205.584000 14 912 1111 65.142857 79.357143 30.214286
205.644890 14 912 1111 65.142857 79.357143 30.214286
205.655983 14 912 1111 65.142857 79.357143 30.214286
205.678687 15 955 1169 63.666667 77.933333 30.466667
205.710011 16 1031 1253 64.437500 78.312500 30.500000
205.753077 16 1031 1253 64.437500 78.312500 30.500000
205.773973 16 1031 1253 64.437500 78.312500 30.500000
205.861098 17 1089 1330 64.058824 78.235294 30.176471
205.873199 18 1184 1426 65.777778 79.222222 29.166667
205.877661 19 1263 1523 66.473684 80.157895 30.263158
205.881200 20 1276 1548 63.800000 77.400000 29.350000
205.881975 20 1276 1548 63.800000 77.400000 29.350000
205.916704 20 1276 1548 63.800000 77.400000 29.350000
206.297098 20 1276 1548 63.800000 77.400000 29.350000
206.496967 21 1336 1627 63.619048 77.476190 29.000000
206.517939 21 1336 1627 63.619048 77.476190 29.000000
206.618559 22 1407 1703 63.954545 77.409091 28.681818
206.686239 22 1407 1703 63.954545 77.409091 28.681818
206.767712 23 1486 1787 64.608696 77.695652 28.695652
206.839125 23 1486 1787 64.608696 77.695652 28.695652
206.862116 24 1559 1877 64.958333 78.208333 29.166667
206.873626 24 1559 1877 64.958333 78.208333 29.166667
206.903013 24 1559 1877 64.958333 78.208333 29.166667
206.949346 24 1559 1877 64.958333 78.208333 29.166667
206.956872 25 1632 1969 65.280000 78.760000 29.000000
207.062055 25 1632 1969 65.280000 78.760000 29.000000
207.067156 25 1632 1969 65.280000 78.760000 29.000000
207.333809 25 1632 1969 65.280000 78.760000 29.000000
207.346018 26 1656 1998 63.692308 76.846154 28.076923
207.618215 27 1705 2064 63.148148 76.444444 28.148148
207.685911 27 1705 2064 63.148148 76.444444 28.148148
207.686282 28 1759 2119 62.821429 75.678571 27.607143
207.721210 29 1826 2204 62.965517 76.000000 28.137931
207.769391 30 1876 2270 62.533333 75.666667 27.866667
207.885416 31 1967 2368 63.451613 76.387097 28.225806
207.893932 32 1983 2385 61.968750 74.531250 27.812500
207.919278 32 1983 2385 61.968750 74.531250 27.812500
207.936280 32 1983 2385 61.968750 74.531250 27.812500
207.940380 32 1983 2385 61.968750 74.531250 27.812500
207.971706 33 2058 2461 62.363636 74.575758 27.424242
208.155797 34 2067 2489 60.794118 73.205882 27.235294
208.226390 35 2120 2561 60.571429 73.171429 27.742857
208.398252 35 2120 2561 60.571429 73.171429 27.742857
208.528838 35 2120 2561 60.571429 73.171429 27.742857
208.545555 35 2120 2561 60.571429 73.171429 27.742857
208.588870 36 2140 2590 59.444444 71.944444 27.527778
208.745101 37 2222 2685 60.054054 72.567568 27.945946
208.968009 37 2222 2685 60.054054 72.567568 27.945946
209.027487 38 2245 2709 59.078947 71.289474 27.342105
209.052278 38 2245 2709 59.078947 71.289474 27.342105
209.077870 38 2245 2709 59.078947 71.289474 27.342105
209.086857 38 2245 2709 59.078947 71.289474 27.342105
209.135621 39 2324 2796 59.589744 71.692308 27.461538
209.170294 40 2383 2879 59.575000 71.975000 27.525000
209.304048 41 2461 2976 60.024390 72.585366 27.463415
209.355095 42 2467 2983 58.738095 71.023810 27.000000
209.372195 42 2467 2983 58.738095 71.023810 27.000000
209.399162 42 2467 2983 58.738095 71.023810 27.000000
209.408605 43 2545 3069 59.186047 71.372093 27.069767
209.416927 44 2631 3165 59.795455 71.931818 27.340909
209.621502 44 2631 3165 59.795455 71.931818 27.340909
209.691401 44 2631 3165 59.795455 71.931818 27.340909
209.711158 44 2631 3165 59.795455 71.931818 27.340909
209.718306 45 2705 3244 60.111111 72.088889 27.288889
209.757139 45 2705 3244 60.111111 72.088889 27.288889
209.795135 46 2766 3310 60.130435 71.956522 27.173913
209.819633 46 2766 3310 60.130435 71.956522 27.173913
209.842109 46 2766 3310 60.130435 71.956522 27.173913
209.872566 46 2766 3310 60.130435 71.956522 27.173913
209.873208 46 2766 3310 60.130435 71.956522 27.173913
209.874403 47 2842 3405 60.468085 72.446809 27.127660
209.903641 48 2912 3480 60.666667 72.500000 27.145833
305.033476 48 2912 3480 60.666667 72.500000 27.145833
305.109766 48 2912 3480 60.666667 72.500000 27.145833
305.274841 47 2846 3406 60.553191 72.468085 27.127660
305.407668 46 2788 3338 60.608696 72.565217 26.934783
305.427919 47 2852 3432 60.680851 73.021277 27.276596
305.433954 46 2771 3343 60.239130 72.673913 27.152174
305.461230 46 2771 3343 60.239130 72.673913 27.152174
305.517775 46 2771 3343 60.239130 72.673913 27.152174
305.678687 45 2728 3285 60.622222 73.000000 27.000000
305.753077 46 2740 3308 59.565217 71.913043 26.934783
305.873199 46 2682 3250 58.304348 70.652174 26.782609
305.888537 46 2682 3250 58.304348 70.652174 26.782609
306.297098 47 2767 3342 58.872340 71.106383 27.127660
306.517939 48 2841 3439 59.187500 71.645833 27.354167
306.591366 48 2841 3439 59.187500 71.645833 27.354167
306.680276 47 2765 3346 58.829787 71.191489 26.978723
306.686239 47 2765 3346 58.829787 71.191489 26.978723
306.712164 47 2734 3305 58.170213 70.319149 26.978723
306.748053 48 2796 3397 58.250000 70.770833 27.250000
306.839125 49 2854 3486 58.244898 71.142857 27.571429
306.862116 49 2800 3440 57.142857 70.204082 27.346939
306.873626 49 2800 3440 57.142857 70.204082 27.346939
307.368483 49 2807 3452 57.285714 70.448980 27.612245
307.618215 49 2775 3429 56.632653 69.979592 27.571429
307.622319 49 2775 3429 56.632653 69.979592 27.571429
307.764072 48 2739 3374 57.062500 70.291667 27.625000
307.919278 48 2739 3374 57.062500 70.291667 27.625000
307.940380 49 2804 3462 57.224490 70.653061 27.795918
308.300428 49 2787 3455 56.877551 70.510204 27.959184
309.006445 48 2706 3366 56.375000 70.125000 27.854167
309.119664 48 2706 3366 56.375000 70.125000 27.854167
309.304048 47 2628 3269 55.914894 69.553191 27.914894
309.355095 47 2626 3277 55.872340 69.723404 28.085106
309.399162 47 2626 3277 55.872340 69.723404 28.085106
309.612761 47 2626 3277 55.872340 69.723404 28.085106
309.692034 46 2603 3233 56.586957 70.282609 28.086957
309.711158 47 2658 3316 56.553191 70.553191 28.510638
310.038570 46 2574 3221 55.956522 70.021739 28.217391
310.163892 46 2566 3214 55.782609 69.869565 28.347826
310.207442 46 2521 3160 54.804348 68.695652 28.260870
310.377019 46 2521 3160 54.804348 68.695652 28.260870
310.460435 47 2610 3256 55.531915 69.276596 28.680851
310.501308 47 2610 3256 55.531915 69.276596 28.680851
310.553440 47 2599 3252 55.297872 69.191489 28.957447
310.584000 48 2646 3324 55.125000 69.250000 29.041667
310.644890 48 2646 3324 55.125000 69.250000 29.041667
310.655983 48 2646 3324 55.125000 69.250000 29.041667
310.710011 48 2629 3327 54.770833 69.312500 29.375000
310.773973 48 2629 3327 54.770833 69.312500 29.375000
310.861098 47 2571 3250 54.702128 69.148936 29.468085
310.877661 46 2492 3153 54.173913 68.543478 29.021739
310.881200 45 2479 3128 55.088889 69.511111 29.400000
310.881975 45 2479 3128 55.088889 69.511111 29.400000
310.916704 46 2533 3200 55.065217 69.565217 29.608696
311.496967 45 2473 3121 54.955556 69.355556 29.777778
311.618559 45 2444 3092 54.311111 68.711111 29.622222
311.767712 45 2403 3053 53.400000 67.844444 29.311111
311.903013 46 2476 3133 53.826087 68.108696 29.543478
311.949346 46 2476 3133 53.826087 68.108696 29.543478
311.956872 45 2403 3041 53.400000 67.577778 29.644444
312.062055 46 2476 3137 53.826087 68.195652 29.826087
312.067156 47 2534 3223 53.914894 68.574468 30.170213
312.333809 48 2601 3309 54.187500 68.937500 30.354167
312.346018 47 2577 3280 54.829787 69.787234 30.893617
312.685911 48 2661 3371 55.437500 70.229167 31.187500
312.686282 48 2667 3399 55.562500 70.812500 31.666667
312.721210 47 2600 3314 55.319149 70.510638 31.425532
312.769391 46 2550 3248 55.434783 70.608696 31.673913
312.885416 46 2546 3240 55.347826 70.434783 31.695652
312.893932 46 2587 3308 56.239130 71.913043 32.326087
312.936280 46 2587 3308 56.239130 71.913043 32.326087
312.971706 46 2578 3326 56.043478 72.304348 33.065217
313.155797 45 2569 3298 57.088889 73.288889 33.333333
313.226390 45 2553 3264 56.733333 72.533333 32.644444
313.398252 46 2634 3351 57.260870 72.847826 32.673913
313.528838 47 2716 3440 57.787234 73.191489 32.893617
313.545555 47 2716 3440 57.787234 73.191489 32.893617
313.588870 47 2759 3492 58.702128 74.297872 33.446809
313.745101 47 2766 3487 58.851064 74.191489 33.425532
313.968009 47 2766 3487 58.851064 74.191489 33.425532
314.027487 47 2834 3562 60.297872 75.787234 34.382979
314.052278 47 2834 3562 60.297872 75.787234 34.382979
314.077870 47 2834 3562 60.297872 75.787234 34.382979
314.086857 47 2834 3562 60.297872 75.787234 34.382979
314.135621 46 2755 3475 59.891304 75.543478 34.434783
314.170294 46 2746 3473 59.695652 75.500000 34.543478
314.372195 46 2746 3473 59.695652 75.500000 34.543478
314.408605 46 2671 3418 58.065217 74.304348 34.586957
314.416927 46 2664 3403 57.913043 73.978261 34.543478
314.621502 46 2664 3403 57.913043 73.978261 34.543478
314.691401 46 2664 3403 57.913043 73.978261 34.543478
314.718306 45 2590 3324 57.555556 73.866667 34.755556
314.757139 45 2590 3324 57.555556 73.866667 34.755556
314.795135 45 2572 3306 57.155556 73.466667 34.600000
314.819633 45 2572 3306 57.155556 73.466667 34.600000
314.842109 45 2572 3306 57.155556 73.466667 34.600000
314.872566 45 2572 3306 57.155556 73.466667 34.600000
314.873208 46 2640 3397 57.391304 73.847826 34.673913
314.874403 45 2564 3302 56.977778 73.377778 34.888889
314.903641 44 2494 3227 56.681818 73.340909 35.045455
410.033476 44 2494 3227 56.681818 73.340909 35.045455
410.109766 44 2494 3227 56.681818 73.340909 35.045455
410.274841 45 2567 3320 57.044444 73.777778 35.311111
410.407668 45 2567 3320 57.044444 73.777778 35.311111
410.427919 44 2503 3226 56.886364 73.318182 35.136364
410.433954 44 2503 3226 56.886364 73.318182 35.136364
410.461230 45 2572 3308 57.155556 73.511111 35.222222
410.517775 46 2654 3397 57.695652 73.847826 35.413043
410.678687 46 2654 3397 57.695652 73.847826 35.413043
410.753077 45 2642 3374 58.711111 74.977778 35.666667
410.873199 45 2682 3425 59.600000 76.111111 36.488889
410.888537 45 2682 3425 59.600000 76.111111 36.488889
411.297098 44 2597 3333 59.022727 75.750000 36.340909
411.517939 43 2523 3236 58.674419 75.255814 36.302326
411.591366 43 2523 3236 58.674419 75.255814 36.302326
411.680276 43 2523 3236 58.674419 75.255814 36.302326
411.686239 44 2572 3311 58.454545 75.250000 36.295455
411.712164 43 2540 3270 59.069767 76.046512 36.558140
411.748053 42 2478 3178 59.000000 75.666667 36.476190
411.839125 42 2471 3165 58.833333 75.357143 36.428571
411.862116 41 2452 3121 59.804878 76.121951 36.609756
411.873626 42 2512 3203 59.809524 76.261905 36.642857
412.368483 42 2484 3175 59.142857 75.595238 36.619048
412.618215 42 2523 3219 60.071429 76.642857 36.976190
412.622319 43 2577 3291 59.930233 76.534884 36.860465
412.764072 43 2577 3291 59.930233 76.534884 36.860465
412.919278 43 2577 3291 59.930233 76.534884 36.860465
412.940380 42 2512 3203 59.809524 76.261905 36.880952
413.300428 42 2552 3235 60.761905 77.023810 37.071429
414.006445 42 2552 3235 60.761905 77.023810 37.071429
414.119664 43 2620 3313 60.930233 77.046512 37.186047
414.304048 43 2620 3313 60.930233 77.046512 37.186047
414.355095 43 2641 3335 61.418605 77.558140 37.627907
414.399162 43 2641 3335 61.418605 77.558140 37.627907
414.612761 43 2641 3335 61.418605 77.558140 37.627907
414.692034 43 2641 3335 61.418605 77.558140 37.627907
414.711158 43 2673 3346 62.162791 77.813953 37.651163
415.038570 44 2744 3430 62.363636 77.954545 37.772727
415.163892 44 2704 3382 61.454545 76.863636 37.522727
415.207442 43 2669 3338 62.069767 77.627907 37.906977
415.377019 43 2669 3338 62.069767 77.627907 37.906977
415.460435 42 2580 3242 61.428571 77.190476 37.666667
415.501308 42 2580 3242 61.428571 77.190476 37.666667
415.553440 42 2589 3245 61.642857 77.261905 37.809524
415.584000 42 2634 3266 62.714286 77.761905 37.928571
415.644890 42 2634 3266 62.714286 77.761905 37.928571
415.655983 42 2634 3266 62.714286 77.761905 37.928571
415.710011 41 2575 3179 62.804878 77.536585 37.707317
415.773973 41 2575 3179 62.804878 77.536585 37.707317
415.861098 42 2625 3242 62.500000 77.190476 37.476190
415.877661 43 2710 3330 63.023256 77.441860 37.651163
415.881200 44 2755 3376 62.613636 76.727273 37.250000
415.881975 44 2755 3376 62.613636 76.727273 37.250000
415.916704 44 2762 3372 62.772727 76.636364 37.136364
416.496967 45 2838 3470 63.066667 77.111111 37.266667
416.618559 45 2805 3437 62.333333 76.377778 37.044444
416.767712 45 2771 3413 61.577778 75.844444 37.088889
416.903013 45 2732 3379 60.711111 75.088889 36.933333
416.949346 46 2780 3452 60.434783 75.043478 36.913043
416.956872 46 2780 3452 60.434783 75.043478 36.913043
417.062055 46 2788 3450 60.608696 75.000000 37.000000
417.067156 46 2810 3450 61.086957 75.000000 36.869565
417.333809 46 2825 3461 61.413043 75.239130 37.086957
417.346018 46 2825 3461 61.413043 75.239130 37.086957
417.685911 45 2741 3370 60.911111 74.888889 36.911111
417.686282 44 2681 3287 60.931818 74.704545 36.931818
417.721210 44 2681 3287 60.931818 74.704545 36.931818
417.769391 44 2681 3287 60.931818 74.704545 36.931818
417.885416 44 2678 3296 60.863636 74.909091 37.159091
417.893932 43 2621 3211 60.953488 74.674419 37.000000
417.936280 43 2621 3211 60.953488 74.674419 37.000000
417.971706 42 2555 3117 60.833333 74.214286 36.714286
418.155797 43 2591 3158 60.255814 73.441860 36.302326
418.226390 43 2615 3182 60.813953 74.000000 36.627907
418.398252 43 2611 3194 60.720930 74.279070 36.837209
418.528838 43 2558 3143 59.488372 73.093023 36.395349
418.545555 43 2558 3143 59.488372 73.093023 36.395349
418.588870 43 2587 3159 60.162791 73.465116 36.465116
418.745101 43 2519 3098 58.581395 72.046512 35.906977
418.968009 44 2542 3127 57.772727 71.068182 35.568182
419.027487 44 2543 3121 57.795455 70.931818 35.431818
419.052278 45 2611 3196 58.022222 71.022222 35.511111
419.077870 45 2611 3196 58.022222 71.022222 35.511111
419.086857 45 2611 3196 58.022222 71.022222 35.511111
419.135621 45 2611 3196 58.022222 71.022222 35.511111
419.170294 45 2635 3214 58.555556 71.422222 35.844444
419.372195 46 2728 3313 59.304348 72.021739 35.891304
419.408605 46 2752 3329 59.826087 72.369565 35.760870
419.416927 45 2673 3248 59.400000 72.177778 35.733333
419.621502 45 2673 3248 59.400000 72.177778 35.733333
419.691401 45 2673 3248 59.400000 72.177778 35.733333
419.718306 46 2679 3259 58.239130 70.847826 35.065217
419.757139 46 2679 3259 58.239130 70.847826 35.065217
419.795135 46 2645 3225 57.500000 70.108696 34.847826
419.819633 46 2645 3225 57.500000 70.108696 34.847826
419.842109 46 2645 3225 57.500000 70.108696 34.847826
419.872566 46 2645 3225 57.500000 70.108696 34.847826
419.873208 45 2577 3134 57.266667 69.644444 34.777778
419.874403 46 2654 3233 57.695652 70.282609 34.956522
419.903641 46 2654 3233 57.695652 70.282609 34.956522
