200.293244 1 78 99 78.000000 99.000000 50.000000
200.600735 2 158 183 79.000000 91.500000 42.500000
200.830173 3 206 232 68.666667 77.333333 30.000000
200.967335 4 263 290 65.750000 72.500000 24.000000
200.983987 5 328 363 65.600000 72.600000 25.000000
201.130285 6 400 443 66.666667 73.833333 23.333333
201.332792 7 437 510 62.428571 72.857143 25.285714
201.910543 8 494 588 61.750000 73.500000 25.250000
201.945660 9 568 687 63.111111 76.333333 28.000000
202.311591 10 645 786 64.500000 78.600000 27.700000
202.387035 11 693 836 63.000000 76.000000 25.636364
202.651555 12 761 934 63.416667 77.833333 27.583333
202.811177 13 853 1031 65.615385 79.307692 26.230769
203.065502 14 928 1125 66.285714 80.357143 27.857143
203.190640 15 997 1224 66.466667 81.600000 29.333333
203.791661 16 1075 1316 67.187500 82.250000 29.062500
204.328111 17 1124 1374 66.117647 80.823529 29.117647
210.029332 18 1180 1462 65.555556 81.222222 29.611111
210.050201 19 1243 1545 65.421053 81.315789 29.368421
210.057854 20 1327 1642 66.350000 82.100000 30.350000
210.164649 21 1343 1670 63.952381 79.523810 29.761905
210.354532 22 1426 1769 64.818182 80.409091 30.681818
210.412248 23 1497 1845 65.086957 80.217391 30.739130
210.424033 24 1551 1911 64.625000 79.625000 30.458333
210.435294 25 1619 1999 64.760000 79.960000 30.240000
210.593070 26 1682 2082 64.692308 80.076923 30.038462
210.641866 27 1752 2160 64.888889 80.000000 29.481481
210.751948 28 1810 2230 64.642857 79.642857 29.321429
210.876013 29 1874 2327 64.620690 80.241379 29.689655
211.000701 30 1960 2426 65.333333 80.866667 30.366667
211.052698 31 2026 2521 65.354839 81.322581 30.870968
211.160960 32 2079 2594 64.968750 81.062500 30.687500
211.203431 33 2157 2677 65.363636 81.121212 30.787879
211.255414 34 2241 2765 65.911765 81.323529 30.176471
211.321787 35 2329 2854 66.542857 81.542857 29.428571
211.322976 36 2395 2932 66.527778 81.444444 29.305556
211.375055 37 2460 3020 66.486486 81.621622 29.648649
211.433452 38 2514 3106 66.157895 81.736842 29.868421
211.456073 39 2600 3197 66.666667 81.974359 29.333333
211.532642 40 2681 3291 67.025000 82.275000 29.725000
211.558280 41 2767 3382 67.487805 82.487805 29.219512
211.581816 42 2824 3442 67.238095 81.952381 29.047619
211.612881 43 2887 3510 67.139535 81.627907 29.139535
211.625377 44 2901 3525 65.931818 80.113636 28.636364
211.654074 45 2956 3613 65.688889 80.288889 28.888889
211.840898 46 3028 3690 65.826087 80.217391 28.978261
211.878917 47 3076 3751 65.446809 79.808511 29.000000
211.904407 48 3157 3836 65.770833 79.916667 28.604167
211.919141 49 3223 3935 65.775510 80.306122 28.836735
211.932253 50 3294 4027 65.880000 80.540000 29.160000
211.957558 51 3365 4122 65.980392 80.823529 29.490196
212.037075 52 3443 4220 66.211538 81.153846 29.403846
212.038051 53 3535 4316 66.698113 81.433962 29.735849
212.135695 54 3628 4413 67.185185 81.722222 30.074074
212.192690 55 3693 4499 67.145455 81.800000 29.981818
212.229437 56 3766 4574 67.250000 81.678571 30.053571
212.233682 57 3836 4664 67.298246 81.824561 29.964912
212.245438 58 3915 4763 67.500000 82.120690 29.879310
212.263164 59 3983 4860 67.508475 82.372881 30.203390
212.276908 60 4042 4939 67.366667 82.316667 30.116667
212.339558 61 4117 5036 67.491803 82.557377 30.426230
212.427812 62 4193 5132 67.629032 82.774194 30.338710
212.450655 63 4270 5210 67.777778 82.698413 30.015873
212.520414 64 4334 5295 67.718750 82.734375 30.203125
212.568232 65 4421 5393 68.015385 82.969231 30.353846
212.597378 66 4476 5480 67.818182 83.030303 30.500000
212.622079 67 4482 5494 66.895522 82.000000 30.164179
212.745852 68 4575 5593 67.279412 82.250000 30.308824
212.758674 69 4607 5630 66.768116 81.594203 30.086957
212.793161 70 4672 5707 66.742857 81.528571 30.014286
212.810426 71 4730 5797 66.619718 81.647887 30.154930
212.818332 72 4799 5886 66.652778 81.750000 30.083333
212.883291 73 4846 5958 66.383562 81.616438 30.150685
213.111501 74 4935 6055 66.689189 81.824324 30.405405
213.117652 75 4948 6077 65.973333 81.026667 30.146667
213.150904 76 5013 6166 65.960526 81.131579 30.381579
213.191819 77 5087 6260 66.064935 81.298701 30.311688
213.276649 78 5176 6351 66.358974 81.423077 30.307692
213.452013 79 5264 6444 66.632911 81.569620 30.037975
213.509641 80 5331 6538 66.637500 81.725000 30.225000
213.518030 81 5421 6630 66.925926 81.851852 30.234568
213.519000 82 5512 6729 67.219512 82.060976 30.048780
213.541231 83 5609 6828 67.578313 82.265060 30.289157
213.565016 84 5683 6926 67.654762 82.452381 30.511905
213.578404 85 5735 7003 67.470588 82.388235 30.588235
213.616804 86 5820 7101 67.674419 82.569767 30.802326
213.629628 87 5908 7193 67.908046 82.678161 30.942529
213.679483 88 5974 7261 67.886364 82.511364 30.897727
213.809812 89 6058 7346 68.067416 82.539326 30.988764
213.816505 90 6126 7416 68.066667 82.400000 30.977778
213.927309 91 6187 7495 67.989011 82.362637 30.912088
214.028854 92 6268 7593 68.130435 82.532609 31.119565
214.029410 93 6329 7686 68.053763 82.645161 31.215054
214.098730 94 6401 7778 68.095745 82.744681 31.148936
214.146095 95 6476 7873 68.168421 82.873684 31.084211
214.566723 96 6550 7968 68.229167 83.000000 31.239583
214.577433 97 6622 8062 68.268041 83.113402 31.175258
214.808848 98 6701 8161 68.377551 83.275510 31.112245
214.809825 99 6767 8258 68.353535 83.414141 31.202020
214.855475 100 6836 8356 68.360000 83.560000 31.380000
310.293244 100 6819 8348 68.190000 83.480000 31.350000
310.600735 100 6826 8363 68.260000 83.630000 31.500000
310.830173 100 6854 8391 68.540000 83.910000 31.500000
310.967335 100 6872 8429 68.720000 84.290000 31.690000
310.983987 100 6874 8433 68.740000 84.330000 31.710000
311.130285 100 6866 8426 68.660000 84.260000 31.900000
311.332792 100 6890 8455 68.900000 84.550000 32.010000
311.625377 100 6927 8492 69.270000 84.920000 32.050000
311.904407 100 6935 8502 69.350000 85.020000 32.290000
311.910543 100 6953 8520 69.530000 85.200000 32.290000
311.945660 100 6942 8518 69.420000 85.180000 32.280000
312.192690 100 6953 8529 69.530000 85.290000 32.280000
312.263164 100 6946 8525 69.460000 85.250000 32.280000
312.311591 100 6949 8524 69.490000 85.240000 32.280000
312.387035 100 6979 8558 69.790000 85.580000 32.580000
312.450655 100 6975 8559 69.750000 85.590000 32.820000
312.651555 100 6964 8557 69.640000 85.570000 32.830000
312.811177 100 6926 8551 69.260000 85.510000 33.180000
313.065502 100 6877 8513 68.770000 85.130000 33.100000
313.111501 100 6858 8498 68.580000 84.980000 32.980000
313.150904 100 6841 8487 68.410000 84.870000 32.960000
313.190640 100 6834 8484 68.340000 84.840000 32.960000
313.191819 100 6831 8480 68.310000 84.800000 32.950000
313.509641 100 6828 8480 68.280000 84.800000 32.980000
313.578404 100 6843 8500 68.430000 85.000000 33.100000
313.616804 100 6839 8494 68.390000 84.940000 33.070000
313.679483 100 6829 8512 68.290000 85.120000 33.250000
313.791661 100 6844 8519 68.440000 85.190000 33.350000
313.809812 100 6819 8505 68.190000 85.050000 33.420000
314.328111 100 6862 8541 68.620000 85.410000 33.570000
320.029332 100 6868 8548 68.680000 85.480000 33.590000
320.050201 100 6881 8560 68.810000 85.600000 33.590000
320.057854 100 6885 8558 68.850000 85.580000 33.560000
320.164649 100 6956 8620 69.560000 86.200000 33.800000
320.354532 100 6938 8617 69.380000 86.170000 33.790000
320.412248 100 6935 8640 69.350000 86.400000 33.970000
320.424033 100 6959 8673 69.590000 86.730000 34.050000
320.435294 100 6969 8682 69.690000 86.820000 34.050000
320.593070 100 6986 8698 69.860000 86.980000 34.050000
320.641866 100 6931 8637 69.310000 86.370000 34.050000
320.751948 100 6948 8666 69.480000 86.660000 34.150000
320.876013 100 6932 8649 69.320000 86.490000 34.140000
321.000701 100 6944 8649 69.440000 86.490000 34.140000
321.052698 100 6938 8650 69.380000 86.500000 34.170000
321.160960 100 6965 8676 69.650000 86.760000 34.170000
321.203431 100 6953 8690 69.530000 86.900000 34.330000
321.255414 100 6959 8698 69.590000 86.980000 34.580000
321.321787 100 6944 8691 69.440000 86.910000 34.910000
321.322976 100 6955 8711 69.550000 87.110000 34.910000
321.375055 100 6953 8720 69.530000 87.200000 34.990000
321.433452 100 6963 8730 69.630000 87.300000 35.010000
321.456073 100 6934 8733 69.340000 87.330000 35.360000
321.532642 100 6942 8736 69.420000 87.360000 35.390000
321.558280 100 6912 8738 69.120000 87.380000 35.740000
321.581816 100 6914 8745 69.140000 87.450000 35.780000
321.612881 100 6918 8775 69.180000 87.750000 35.950000
321.654074 100 6917 8774 69.170000 87.740000 35.940000
321.840898 100 6912 8795 69.120000 87.950000 36.110000
321.878917 100 6956 8828 69.560000 88.280000 36.270000
321.919141 100 6953 8826 69.530000 88.260000 36.260000
321.932253 100 6948 8831 69.480000 88.310000 36.300000
321.957558 100 6905 8770 69.050000 87.700000 36.160000
322.037075 100 6906 8770 69.060000 87.700000 36.160000
322.038051 100 6905 8773 69.050000 87.730000 36.190000
322.135695 100 6902 8774 69.020000 87.740000 36.200000
322.229437 100 6897 8795 68.970000 87.950000 36.350000
322.233682 100 6901 8798 69.010000 87.980000 36.350000
322.245438 100 6899 8795 68.990000 87.950000 36.340000
322.276908 100 6916 8811 69.160000 88.110000 36.330000
322.339558 100 6908 8812 69.080000 88.120000 36.340000
322.427812 100 6912 8815 69.120000 88.150000 36.340000
322.520414 100 6902 8815 69.020000 88.150000 36.390000
322.568232 100 6882 8814 68.820000 88.140000 36.380000
322.597378 100 6879 8816 68.790000 88.160000 36.420000
322.622079 100 6873 8806 68.730000 88.060000 36.390000
322.745852 100 6846 8806 68.460000 88.060000 36.390000
322.758674 100 6882 8868 68.820000 88.680000 36.740000
322.793161 100 6893 8888 68.930000 88.880000 36.800000
322.810426 100 6899 8895 68.990000 88.950000 36.800000
322.818332 100 6905 8901 69.050000 89.010000 36.800000
322.883291 100 6919 8924 69.190000 89.240000 36.940000
323.117652 100 6974 9000 69.740000 90.000000 37.320000
323.276649 100 6953 9008 69.530000 90.080000 37.520000
323.452013 100 6925 9012 69.250000 90.120000 37.870000
323.518030 100 6900 9016 69.000000 90.160000 38.060000
323.519000 100 6896 9013 68.960000 90.130000 38.310000
323.541231 100 6879 9002 68.790000 90.020000 38.210000
323.565016 100 6852 8985 68.520000 89.850000 38.200000
323.629628 100 6855 8992 68.550000 89.920000 38.270000
323.816505 100 6858 9021 68.580000 90.210000 38.470000
323.927309 100 6895 9041 68.950000 90.410000 38.470000
324.028854 100 6880 9040 68.800000 90.400000 38.450000
324.029410 100 6884 9045 68.840000 90.450000 38.440000
324.098730 100 6887 9047 68.870000 90.470000 38.430000
324.146095 100 6890 9049 68.900000 90.490000 38.430000
324.566723 100 6881 9050 68.810000 90.500000 38.470000
324.577433 100 6907 9055 69.070000 90.550000 38.470000
324.808848 100 6908 9055 69.080000 90.550000 38.470000
324.809825 100 6907 9056 69.070000 90.560000 38.460000
324.855475 100 6901 9057 69.010000 90.570000 38.470000
420.293244 100 6910 9061 69.100000 90.610000 38.500000
420.600735 100 6903 9056 69.030000 90.560000 38.470000
420.830173 100 6857 9010 68.570000 90.100000 38.440000
420.967335 100 6864 9013 68.640000 90.130000 38.550000
420.983987 100 6869 9019 68.690000 90.190000 38.700000
421.130285 100 6890 9037 68.900000 90.370000 38.690000
421.332792 100 6871 9014 68.710000 90.140000 38.600000
421.625377 100 6848 8991 68.480000 89.910000 38.610000
421.904407 100 6819 8959 68.190000 89.590000 38.420000
421.910543 100 6818 8955 68.180000 89.550000 38.510000
421.945660 100 6828 8954 68.280000 89.540000 38.510000
422.192690 100 6800 8919 68.000000 89.190000 38.500000
422.263164 100 6802 8915 68.020000 89.150000 38.490000
422.311591 100 6743 8839 67.430000 88.390000 38.470000
422.387035 100 6749 8841 67.490000 88.410000 38.370000
422.450655 100 6763 8850 67.630000 88.500000 38.340000
422.651555 100 6758 8837 67.580000 88.370000 38.290000
422.811177 100 6773 8840 67.730000 88.400000 38.340000
423.065502 100 6841 8881 68.410000 88.810000 38.420000
423.111501 100 6832 8874 68.320000 88.740000 38.380000
423.150904 100 6867 8882 68.670000 88.820000 38.370000
423.190640 100 6879 8883 68.790000 88.830000 38.370000
423.191819 100 6868 8880 68.680000 88.800000 38.540000
423.509641 100 6854 8871 68.540000 88.710000 38.530000
423.578404 100 6830 8825 68.300000 88.250000 38.450000
423.616804 100 6815 8812 68.150000 88.120000 38.430000
423.679483 100 6816 8784 68.160000 87.840000 38.370000
423.791661 100 6784 8748 67.840000 87.480000 38.200000
423.809812 100 6756 8718 67.560000 87.180000 38.110000
424.328111 100 6725 8686 67.250000 86.860000 38.040000
430.029332 100 6742 8686 67.420000 86.860000 38.060000
430.050201 100 6732 8673 67.320000 86.730000 38.160000
430.057854 100 6729 8672 67.290000 86.720000 38.190000
430.164649 100 6710 8673 67.100000 86.730000 38.250000
430.354532 100 6720 8674 67.200000 86.740000 38.240000
430.412248 100 6726 8668 67.260000 86.680000 38.220000
430.424033 100 6712 8652 67.120000 86.520000 38.260000
430.435294 100 6705 8642 67.050000 86.420000 38.420000
430.593070 100 6698 8633 66.980000 86.330000 38.570000
430.641866 100 6720 8655 67.200000 86.550000 38.560000
430.751948 100 6698 8628 66.980000 86.280000 38.570000
430.876013 100 6716 8635 67.160000 86.350000 38.580000
431.000701 100 6687 8614 66.870000 86.140000 38.520000
431.052698 100 6678 8599 66.780000 85.990000 38.470000
431.160960 100 6675 8594 66.750000 85.940000 38.550000
431.203431 100 6688 8595 66.880000 85.950000 38.550000
431.255414 100 6674 8578 66.740000 85.780000 38.420000
431.321787 100 6693 8594 66.930000 85.940000 38.440000
431.322976 100 6699 8595 66.990000 85.950000 38.540000
431.375055 100 6697 8561 66.970000 85.610000 38.480000
431.433452 100 6705 8555 67.050000 85.550000 38.500000
431.456073 100 6719 8560 67.190000 85.600000 38.560000
431.532642 100 6715 8559 67.150000 85.590000 38.570000
431.558280 100 6707 8542 67.070000 85.420000 38.520000
431.581816 100 6723 8569 67.230000 85.690000 38.760000
431.612881 100 6734 8568 67.340000 85.680000 38.760000
431.654074 100 6757 8574 67.570000 85.740000 38.760000
431.840898 100 6752 8547 67.520000 85.470000 38.600000
431.878917 100 6752 8546 67.520000 85.460000 38.630000
431.919141 100 6762 8548 67.620000 85.480000 38.690000
431.932253 100 6762 8541 67.620000 85.410000 38.680000
431.957558 100 6777 8551 67.770000 85.510000 38.640000
432.037075 100 6774 8547 67.740000 85.470000 38.700000
432.038051 100 6773 8547 67.730000 85.470000 38.700000
432.135695 100 6769 8546 67.690000 85.460000 38.690000
432.229437 100 6778 8546 67.780000 85.460000 38.690000
432.233682 100 6782 8543 67.820000 85.430000 38.750000
432.245438 100 6776 8534 67.760000 85.340000 38.790000
432.276908 100 6779 8535 67.790000 85.350000 39.000000
432.339558 100 6788 8535 67.880000 85.350000 39.000000
432.427812 100 6787 8534 67.870000 85.340000 39.100000
432.520414 100 6807 8547 68.070000 85.470000 39.130000
432.568232 100 6812 8546 68.120000 85.460000 39.180000
432.597378 100 6835 8552 68.350000 85.520000 39.240000
432.622079 100 6835 8550 68.350000 85.500000 39.210000
432.745852 100 6862 8545 68.620000 85.450000 39.220000
432.758674 100 6870 8541 68.700000 85.410000 39.210000
432.793161 100 6877 8543 68.770000 85.430000 39.250000
432.810426 100 6886 8545 68.860000 85.450000 39.300000
432.818332 100 6905 8547 69.050000 85.470000 39.470000
432.883291 100 6874 8497 68.740000 84.970000 39.340000
433.117652 100 6901 8495 69.010000 84.950000 39.350000
433.276649 100 6927 8492 69.270000 84.920000 39.350000
433.452013 100 6938 8494 69.380000 84.940000 39.410000
433.518030 100 6967 8494 69.670000 84.940000 39.410000
433.519000 100 6967 8491 69.670000 84.910000 39.360000
433.541231 100 6970 8495 69.700000 84.950000 39.440000
433.565016 100 7014 8508 70.140000 85.080000 39.440000
433.629628 100 7013 8508 70.130000 85.080000 39.440000
433.816505 100 7021 8505 70.210000 85.050000 39.420000
433.927309 100 7011 8495 70.110000 84.950000 39.400000
434.028854 100 7021 8495 70.210000 84.950000 39.400000
434.029410 100 7025 8492 70.250000 84.920000 39.440000
434.098730 100 7031 8496 70.310000 84.960000 39.650000
434.146095 100 7008 8472 70.080000 84.720000 39.690000
434.566723 100 7011 8468 70.110000 84.680000 39.670000
434.577433 100 7009 8467 70.090000 84.670000 39.840000
434.808848 100 7008 8465 70.080000 84.650000 39.930000
434.809825 100 7014 8464 70.140000 84.640000 39.990000
434.855475 100 6988 8432 69.880000 84.320000 39.950000
